10010001 1
000100000 0
11111110 1
0000011101110111000 0
10010 0
011100 1
10010 0
1101 1
110000101000011 0
1 0
1100 1
10110000100110 1
10010110 1
001010110111 1
1110101101 1
1 0
101010011000111 0
010110010000 1
1101001 0
001011010110011 0
10101111 1
10011101010001101 0
1110111101110 0
10001010 1
0000110010001 0
1001011011010001001 0
00000000 1
011 0
0011 1
1101000001000 0
110001110000100101 1
100100011110001 0
0110000100111 0
100010010000011100 1
11110101100 0
0100110101011001100 0
0111010000 1
100101100111100111 1
11000110010 0
0 0
11 1
00101010010110 1
1001 1
100000001100101 0
110 0
11111010001 0
01 1
 1
00010111 1
1110111100 1
1101001010 1
111001000000011 0
000001110001001 0
1101110111001 0
0110011110111 0
0 0
10100001111010001 0
0001000101001001110 0
01000011111 0
001000 1
01011 0
01101010110 0
01001000011001010 0
1111110110111110001 0
0001000001110101 1
00101101010001 1
00001010111 0
1111111000 1
000100110011101000 1
0101000001000100 1
1011100110010 0
000111100011000011 1
00110110011110 1
0101001 0
010010 1
10010100101111 1
00110001001010010 0
1100011101000001 1
1000101 0
0111 1
00111111000101 1
11010 0
01 1
1000010 0
10001010000 0
110101110100 1
00010001 1
011111100000110 0
 1
10100011 1
110001100100101101 1
11101 0
110 0
01100000111 0
11110 0
0011000 0
001 0
0011001110000 0
10010000101010 1
0010100 0
